2014 1 [316, 241, 100, 203, 135, 49, 121, 56, 102, 133] 1347 6125
2014 2 [99, 84, 43, 70, 41, 22, 32, 20, 27, 55] 472 1364
2014 3 [208, 242, 76, 185, 182, 87, 140, 78, 158, 124] 1188 4579
2014 4 [193, 103, 59, 119, 59, 33, 50, 34, 59, 87] 900 3866
2014 5 [297, 207, 63, 225, 184, 52, 105, 41, 113, 108] 1437 7388
2014 6 [204, 138, 69, 160, 133, 44, 72, 20, 74, 73] 1010 4483
2014 7 [235, 141, 93, 150, 91, 55, 54, 26, 61, 112] 1059 4817
2014 8 [543, 534, 176, 392, 430, 145, 311, 153, 349, 288] 2665 8548
2014 9 [419, 286, 146, 304, 223, 70, 142, 80, 163, 212] 1972 8236
2014 10 [353, 244, 125, 226, 161, 90, 138, 80, 106, 205] 1748 7828
2014 11 [649, 480, 210, 436, 300, 135, 204, 104, 259, 293] 3211 13253
2014 12 [1476, 1110, 505, 942, 703, 319, 557, 298, 496, 677] 6780 32010
2015 1 [14889, 11612, 4605, 10560, 9001, 3171, 5559, 2920, 6165, 6688] 71311 336683
2015 2 [8778, 6601, 2999, 6236, 4902, 1845, 3261, 1692, 3496, 4008] 41101 189047
2015 3 [16095, 11143, 5209, 11583, 8296, 3362, 5741, 2835, 5705, 7376] 74147 344404
2015 4 [14996, 11373, 4856, 10787, 8557, 3361, 5953, 2814, 5849, 6938] 69591 323882
2015 5 [14952, 10850, 4909, 10228, 7996, 3169, 5412, 2838, 5463, 6947] 69475 319511
2015 6 [22464, 15651, 7203, 15574, 11726, 4130, 8055, 3970, 7963, 10286] 101277 462706
2015 7 [11639, 8366, 3870, 7773, 5919, 2449, 4110, 2235, 4300, 5361] 53347 247519
2015 8 [1832, 1424, 559, 1332, 954, 377, 639, 373, 688, 856] 8630 37677
2015 9 [376, 279, 136, 223, 205, 73, 142, 65, 139, 174] 1688 7248
2015 10 [722, 572, 237, 478, 389, 175, 271, 126, 310, 295] 3248 14453
2015 11 [1389, 1014, 444, 859, 685, 281, 428, 251, 415, 569] 6568 28902
2015 12 [11379, 8803, 3482, 7830, 6380, 2315, 3943, 2055, 4666, 4815] 54082 248685
2016 1 [7537, 5786, 2125, 5024, 3784, 1521, 2721, 1438, 2968, 3282] 36130 170883
2016 2 [9799, 6452, 2991, 6391, 3994, 1933, 3020, 1664, 3142, 4354] 43905 208176
2016 3 [9189, 6464, 2642, 6137, 4071, 1713, 3156, 1647, 3261, 3911] 42131 198628
2016 4 [9068, 5937, 2561, 6151, 3637, 1665, 2682, 1379, 2915, 3849] 41504 192607
2016 5 [11249, 7686, 3430, 7451, 4826, 2002, 3606, 1802, 3704, 4688] 49952 236966
2016 6 [13836, 10420, 4414, 9483, 6837, 2911, 4985, 2673, 5354, 6257] 63437 297244
2016 7 [14914, 10254, 4182, 10182, 7346, 2841, 4838, 2388, 5395, 5986] 66577 314689
2016 8 [10616, 7218, 3396, 7215, 4649, 2004, 3534, 1929, 3717, 4789] 47890 224315
2016 9 [10169, 7484, 3060, 6925, 4833, 2034, 3534, 1891, 3733, 4480] 47336 221433
2016 10 [10019, 7073, 3122, 6660, 4462, 1999, 3242, 1813, 3472, 4436] 46113 218138
2016 11 [10610, 6887, 3304, 7354, 4388, 2039, 3239, 1634, 3457, 4723] 47809 227551
2016 12 [11802, 7450, 3686, 8038, 4823, 2055, 3394, 1640, 3557, 4991] 51928 242965
2016 10 [545, 376, 174, 428, 234, 135, 148, 91, 215, 258] 2495 10479
2016 11 [615, 345, 208, 455, 183, 115, 137, 58, 155, 279] 2690 10167
2016 12 [593, 378, 168, 406, 210, 105, 175, 85, 160, 255] 2795 9892
2017 1 [11091, 7009, 3295, 7672, 4779, 1859, 3265, 1681, 3332, 4630] 49487 228205
2017 2 [11018, 7432, 3321, 7710, 4620, 1961, 3353, 1685, 3457, 4851] 50660 239005
2017 3 [11440, 7855, 3274, 7986, 5068, 2032, 3492, 1768, 3816, 4786] 53663 249960
2017 4 [11794, 8071, 3387, 7987, 5453, 2207, 3681, 1844, 4125, 5116] 53147 248394
2017 5 [11800, 7927, 3546, 7983, 5465, 2314, 3685, 1919, 3937, 5044] 53563 255935
2017 6 [13317, 9331, 3820, 9577, 6292, 2474, 4203, 2241, 4727, 5772] 61393 287076
2017 7 [537, 371, 151, 365, 215, 95, 166, 77, 155, 245] 2555 11479